01203451341
0000100000000000 1001000100000000 0010001000001000 0010000000100100 
0000000000000000 0000000000100000 0000100001000000 0000000000000000 
0000000000000000 0010000000000100 0010001000000000 0000000000100000 
0000000000000000 0100000000010000 0000000000000000 0000000000000000 
0000000000000000 0000000000000000 0000000000000000 0000000000000000 
0000000000000000 0000000000000000 0000000000000000 0000000000000000 
0000000000000000 0000000000000000 0000000000000000 0000000000000000 
0000000000000000 0000000000000000 0000000000000000 0000000000000000 
0000000000000000 0000000000000000 0000000000000000 0000000000000000 
0000000000000000 0000000000000000 0000000000000000 0000000000000000 
